11 11
4    67   77   132  132  132  132  132  25   67   86
174  174  174  174  174  174  174  174  174  174  174
135  132  132  132  132  132  132  132  132  132  132
174  174  174  174  174  174  174  174  174  174  132
132  132  132  132  132  132  132  132  132  132  132
132  174  174  174  174  174  174  174  174  174  174
132  132  132  132  132  132  132  132  132  132  132
174  174  174  174  174  174  174  174  174  174  132
114  132  132  132  132  132  132  132  132  132  132
174  174  174  174  174  174  174  174  174  174  174
64   67   78   132  132  132  132  132  51   67   79